-1.530718730987238319e-01
6.834811451147553008e-02
-2.982190648577207615e-01
-9.645439514269477099e-02
-4.170979768919192421e-01
-5.548824955202653619e-01
-4.259482402467736906e-01
-4.739866205125661258e-01
-9.209710991706336891e-01
-8.128690237951441411e-01
-6.543149562924336360e-01
-7.854475886053272626e-01
-1.010799414111558159e+00
-1.122947902258522923e+00
-8.124067116634204888e-01
-2.965333223708006560e-01
-1.285208308645595654e+00
-1.427279847515068534e+00
-1.415980052729491900e+00
-1.331847014011943608e+00
-1.463525362779624306e+00