-1.530718649219085237e-01,6.834810571060029316e-02,-2.982190660612011324e-01,-9.645439844007058783e-02,-4.170979768920720088e-01,-5.548824955211378862e-01,-4.259482402480609942e-01,-4.739866223023413982e-01,-9.209710991707610317e-01,-8.128690247955978609e-01,-6.543149562918325612e-01,-7.854475852637835542e-01,-1.010799417356048391e+00,-1.122947902714877655e+00,-8.124067116644535513e-01,-2.965333145153895567e-01,-1.285208308888950324e+00,-1.427279847722168649e+00,-1.424007370066415978e+00,-1.331847014012063735e+00,-1.463525362779445782e+00
-8.371177255322861943e-02,-1.774606612332092770e-01,-3.056298973768071803e-01,-2.348174220470366780e-01,-4.038129694576306772e-01,-6.259450998678155464e-01,-3.238579546570876100e-01,-3.647244304343993937e-01,-9.586026849748190415e-01,-9.123959386215226841e-01,-7.201664346602044686e-01,-6.640455533595437387e-01,-9.581200114576059468e-01,-1.127842971020439400e+00,-8.276619093039540020e-01,-3.310334783341065679e-01,-1.233966263557934484e+00,-1.498899295784111851e+00,-1.379010953577499254e+00,-1.289777362248975434e+00,-1.519697820716929826e+00
-1.190805220773900330e-01,-1.902764638249927476e-01,-3.184228471453130482e-01,-2.196516856265706141e-01,-2.163573307235717447e-01,-7.017007019943948265e-01,-4.388119222221161242e-01,-5.038666605881741978e-01,-1.020590310308598037e+00,-8.998025430719983619e-01,-7.185358276105670017e-01,-6.077118472690995477e-01,-1.019433987659800200e+00,-1.162056725463615603e+00,-8.467952910107107156e-01,-3.604231192905390513e-01,-1.240893997137208604e+00,-1.450644780678081558e+00,-1.381849120000528508e+00,-1.288933415388428427e+00,-1.490144281623259959e+00
-1.369683999144686304e-01,-1.222598426095519303e-01,-2.615328329643247796e-01,-1.539814152451555729e-01,-3.502339828954261769e-01,-5.776814292074210488e-01,-4.309785150305232015e-01,-4.684648713588184799e-01,-8.616674713303144051e-01,-8.376064017476508861e-01,-6.803953307087190483e-01,-5.936919252864377716e-01,-1.009495642801505166e+00,-1.158523551357716119e+00,-8.827124365838743270e-01,-3.300279823305334870e-01,-1.182455457371248464e+00,-1.352286257268617620e+00,-1.342295617619737591e+00,-1.345060182665424930e+00,-1.554842128024352288e+00
-7.300060131039048938e-02,3.006962215643421699e-02,-3.184378105059066932e-01,-1.045503699684795090e-01,-3.533602172653270146e-01,-6.795371433936081562e-01,-3.391054628155063533e-01,-5.514157241244037611e-01,-2.223097044503221931e-01,-9.409291510749671072e-01,-6.748544274969369150e-01,-6.414580896243516905e-01,-1.010068326386430293e+00,-1.172639438608288565e+00,-8.959024015738353830e-01,-3.596359222080159901e-01,-1.239590808441787706e+00,-1.428140889621982712e+00,-1.421635735671399781e+00,-1.307151696561667187e+00,-1.467312131018609023e+00
-6.092525952238259102e-02,-2.442724515140553831e-01,-3.582667090883555061e-01,-5.392689443774376784e-02,-3.301953382254901315e-01,-6.647784832442691361e-01,-4.024169374771259244e-01,-6.409354137624297953e-01,-1.178201196266524420e+00,-8.394265271987371158e-01,-6.464727290058400744e-01,-6.726340595848477877e-01,-9.896303770828015489e-01,-1.184971285902757687e+00,-8.389419598785968768e-01,-2.657541881213524304e-01,-1.215819919751501610e+00,-1.452842173776987211e+00,-1.405547042873960262e+00,-1.329758249280818871e+00,-1.516815881586535353e+00
-7.416412739410156718e-02,-9.555674175883387134e-02,-3.656662060882858722e-01,-1.537819370047750211e-01,-3.453441326396035627e-01,-7.399191570391902006e-01,-3.187038312891838920e-01,-3.391779203142891164e-01,-1.215652214515833496e+00,-8.479701207976241273e-01,-6.795733710141433903e-01,-5.894426630823120794e-01,-9.765504257581115732e-01,-1.174295490603280978e+00,-8.815316088717246590e-01,-2.786357460961104704e-01,-1.159649264013754566e+00,-1.420115079927723345e+00,-1.387472282290701742e+00,-1.385198797169119755e+00,-1.488328298379819836e+00
-1.055537793315537015e-01,-2.607605450035457295e-01,-3.192452696491600017e-01,-2.053614767097014238e-01,-2.628953403019627655e-01,-7.160773262574657849e-01,-5.033364864879087408e-01,-5.410909710193324562e-01,-1.309839479053859668e+00,-1.020343143890553472e+00,-6.290391917342997852e-01,-6.102287063805932332e-01,-1.018359967923470943e+00,-1.135296432782574749e+00,-9.054664802877446794e-01,-2.881871675855003367e-01,-1.190219483205755768e+00,-1.401711492410942617e+00,-1.413377802757010082e+00,-1.352417367105292145e+00,-1.500491332393881772e+00
-1.907329741997317862e-01,-1.293579623731608806e-02,-4.357447614168561967e-01,-1.386462996273203976e-02,-4.202592310089400263e-01,-7.129927026252561584e-01,-4.816637857206418905e-01,-2.278498156970764632e-01,-1.227122563958120249e+00,-1.051395907761441872e+00,-6.030168926841901200e-01,-6.236856454184895870e-01,-9.715664752902124501e-01,-1.150460848046411799e+00,-8.650996252785101426e-01,-4.168042464226571209e-01,-1.213478255041797071e+00,-1.410203451421500276e+00,-1.394080384336995770e+00,-1.322576232817596287e+00,-1.562781249426378638e+00
-7.972848587420908184e-02,4.212873747076399666e-03,-4.141131067957306011e-01,-1.515337393248349929e-01,-3.835106617428069020e-01,-6.285631330873332479e-01,-3.374288611721370512e-01,-3.446641898304700913e-01,-1.290145510471221169e+00,-1.009868660014401121e+00,-7.083710405707789315e-01,-7.185037527967785831e-01,-9.483699624749800661e-01,-1.160755494239364083e+00,-8.374105232613539007e-01,-2.292604725112767639e-01,-1.269437251686067913e+00,-1.425166001694497142e+00,-1.391431937384333573e+00,-1.312555061986703464e+00,-1.521771909680841528e+00
-1.349742037816530627e-01,-1.107442829567992781e-01,-4.191612553640543526e-01,-2.222678601967753298e-01,-3.343478645093727608e-01,-7.780737869677106788e-01,-4.317006016578970318e-01,-2.607609431950599910e-01,-1.304942969755993554e+00,-1.106159878720958778e+00,-6.079016580521715563e-01,-6.642814443110727218e-01,-1.007246256316088884e+00,-1.110077731221658093e+00,-8.828319670917981199e-01,-4.923304294719194618e-01,-1.215479389302664082e+00,-1.444621875848252968e+00,-1.433524300603641777e+00,-1.340108962869332565e+00,-1.545926798955904236e+00
-1.390754784735172556e-01,-1.236904484411350674e-01,-4.547513852176391924e-01,-2.118444772769629281e-01,-4.139737806288568689e-01,-7.658547675882754202e-01,-4.186675047107080716e-01,-2.869499269138280906e-01,-1.271676738565348685e+00,-1.096508502627952408e+00,-5.996382589018176557e-01,-6.305506114686575403e-01,-1.013168594859379823e+00,-1.215117694018219341e+00,-8.023592061690275612e-01,-4.389530154174507426e-01,-1.213769636965501997e+00,-1.396444532913153624e+00,-1.458508231235046582e+00,-1.339105416685241412e+00,-1.479532493314493102e+00
-7.806519522362737051e-02,-1.889159730426691886e-01,-4.680964405599160605e-01,-1.991493200241302441e-01,-4.422090565095360692e-01,-8.147640684210357698e-01,-4.425444129591991627e-01,-2.692548898718221673e-01,-1.258420540002297638e+00,-1.078833944616833129e+00,-7.004206180892050826e-01,-6.096766006093976564e-01,-9.953307616730766583e-01,-1.276455404279496220e+00,-8.310229654325219650e-01,-2.914251805067985535e-01,-1.237113507079284469e+00,-1.459293139324486566e+00,-1.434220343764365246e+00,-1.314080033361707089e+00,-1.500276641438564207e+00
-1.917618423711781039e-01,1.614142605711660350e-02,-4.405541853563858523e-01,-1.546157397398928435e-01,-3.525394532434795725e-01,-7.847544500059293604e-01,-4.858267193850277499e-01,-3.899815598261614502e-01,-1.240328061549936800e+00,-1.235980706420385822e+00,-7.299318292837203570e-01,-6.226842762967165212e-01,-1.027975100704835221e+00,-1.188427458770696887e+00,-7.788349984087584721e-01,-4.319898819062374384e-01,-1.259734726899979895e+00,-1.446796395740109764e+00,-1.440804695732818219e+00,-1.368448495268615783e+00,-1.347918145728123740e+00
-1.566031480803347087e-01,-1.935031719164291286e-01,-4.647856766021238317e-01,-2.372314833273910795e-01,-3.558597249276865826e-01,-8.848503200553313741e-01,-4.533776428058376440e-01,-2.715886096579387399e-01,-1.310279072697702274e+00,-1.289736568172180409e+00,-7.099902693958682898e-01,-6.228734911393627449e-01,-1.060228883383755871e+00,-1.190216317725971029e+00,-9.106046874699024185e-01,-3.966659526523131363e-01,-1.219377686071460465e+00,-1.467409993206150398e+00,-1.389102205312887639e+00,-1.371981854121493871e+00,-1.443598803115029527e+00
-2.278190796106465410e-01,-1.867617451910868198e-01,-4.233134102791166198e-01,-1.963981892513944616e-01,-3.566081641813246828e-01,-8.083264506344048916e-01,-3.742162643610270623e-01,-2.393820621318971942e-01,-1.406823194146919143e+00,-1.170137771977216135e+00,-6.336720525282892869e-01,-6.468437607407920842e-01,-1.040625481239937811e+00,-1.121954076930647304e+00,-8.893158082682223187e-01,-4.775403368472568300e-01,-1.197323324935089861e+00,-1.466547403891363510e+00,-1.495566748209212982e+00,-1.335067249206436157e+00,-1.413352734701972091e+00
-9.922177677979464316e-02,-8.569426870837554278e-02,-4.776127644934481942e-01,-2.355367485739882083e-01,-4.889677076628163865e-01,-8.313612874771957317e-01,-5.197432358679413555e-01,-2.969173314679364739e-01,-1.278703307501948938e+00,-1.413091729965943788e+00,-6.123061678217950332e-01,-6.740399451275523868e-01,-1.006951400004805430e+00,-1.177006186340041838e+00,-9.823157503533077595e-01,-4.532455404002176946e-01,-1.272886777556288873e+00,-1.485857070203694397e+00,-1.436456849361563926e+00,-1.375111543097628175e+00,-1.462118798105650708e+00
-2.351172961980809162e-01,-2.636775419909846985e-01,-4.878540605842975886e-01,-2.786185118580790099e-01,-4.563630915277638866e-01,-8.807789751547603352e-01,-3.745443006734525682e-01,-3.070394282237800532e-01,-1.254369771528534239e+00,-1.319077659451572959e+00,-6.838139994540533007e-01,-5.636572351557971317e-01,-1.000066226979289929e+00,-1.189877214357630830e+00,-9.097546181423550316e-01,-5.181864745686666218e-01,-1.252849189224239490e+00,-1.507375673712778807e+00,-1.399811526529692651e+00,-1.387692320464277485e+00,-1.490535415547090459e+00
-1.924715424535640707e-01,-2.868533589256472283e-01,-3.631999381032109397e-01,-2.199078020098406694e-01,-4.453642919431200498e-01,-9.625815860025597193e-01,-4.811122150177371548e-01,-3.101144448101160744e-01,-1.222681444189657851e+00,-1.252490852999797788e+00,-7.221202045371776235e-01,-6.318701754115475522e-01,-1.003773759281316513e+00,-1.233877601864611373e+00,-8.637342951230569943e-01,-5.186549053333964210e-01,-1.256402173611273820e+00,-1.466741968374652094e+00,-1.439451403851100597e+00,-1.390593026436360180e+00,-1.462850843675405965e+00
-2.509107142037618199e-01,-2.627363302041498816e-01,-3.578038861732469322e-01,-3.152898654781939869e-01,-4.420171222049636972e-01,-1.021633023341562474e+00,-3.522698619299267087e-01,-2.836883021258053139e-01,-1.207026902239483279e+00,-1.257399741499392043e+00,-7.330139531056656388e-01,-6.690502547279546519e-01,-1.033609079248660523e+00,-1.145696570906677758e+00,-9.035372704036673808e-01,-5.721758444807468758e-01,-1.182523621967962457e+00,-1.447214640702367605e+00,-1.438017806708574042e+00,-1.364124562840661303e+00,-1.443134652096357273e+00
-1.021588485147666425e-01,-2.760619965247659291e-01,-3.440859183839125590e-01,-3.286305849897451781e-01,-4.440997261239524319e-01,-9.281688508522732972e-01,-4.464902600955812373e-01,-3.498177638605738382e-01,-1.200139098382404512e+00,-1.218691864273974357e+00,-7.763453129690716104e-01,-6.453282458503538654e-01,-1.017253504221562022e+00,-1.236149579552672906e+00,-8.215262147536994686e-01,-4.278115651907505312e-01,-1.276941417601029416e+00,-1.439872168280614817e+00,-1.432852204453499700e+00,-1.271850563865010386e+00,-1.441696959427186009e+00
-2.923333752515811512e-01,-2.716265811096608140e-01,-4.031726764405673680e-01,-3.461782942708047095e-01,-4.900863808303166924e-01,-1.034913945023985482e+00,-4.973863621973843019e-01,-3.360202870327472224e-01,-1.235029972118065755e+00,-1.238543354033503574e+00,-7.826076100238782418e-01,-6.901020984432092442e-01,-1.005175844811217356e+00,-1.179628158775632540e+00,-9.107186600104034691e-01,-5.867190649679254744e-01,-1.323614329232795539e+00,-1.466157400512922759e+00,-1.447841057438593149e+00,-1.432048743196436824e+00,-1.508887522720548047e+00
-1.355443622474760967e-01,-2.984459011597381251e-01,-4.079803148834404980e-01,-3.432666287434415486e-01,-4.254569349372372411e-01,-1.149325125468440678e+00,-5.545430531971107246e-01,-3.706129008011772585e-01,-1.284464004608400156e+00,-3.100530374189277572e-01,-6.978896127028356711e-01,-6.174230942190132021e-01,-1.012517794814563388e+00,-1.160615403082850605e+00,-9.333923890522234368e-01,-5.655756106290583674e-01,-1.237344377705312359e+00,-1.515294851913265628e+00,-1.426868377021847323e+00,-1.368096378213915276e+00,-1.412389045903838847e+00
-1.765321410372072963e-01,-4.239470461636141718e-01,-5.205122776499057080e-01,-4.561213961953093921e-01,-4.734934554217531399e-01,-1.047355718264090241e+00,-5.216711986201245654e-01,-3.510268211351099676e-01,-1.176807226614530855e+00,-3.807088359367342689e-01,-8.108135200125108355e-01,-5.675753823154779942e-01,-1.004438510098982773e+00,-1.282707864182968560e+00,-8.106422442750862434e-01,-4.609808274917542303e-01,-1.208545881119844845e+00,-1.501152709344199421e+00,-1.465037898852195264e+00,-1.380169160450826604e+00,-1.507342469618388137e+00
-2.623724011747813889e-01,-2.687100965603317348e-01,-4.661981055633169224e-01,-4.500133311411589343e-01,-4.419631379535095550e-01,-9.873647786849288899e-01,-5.241107556866103634e-01,-3.890568290485398872e-01,-1.215488785431498409e+00,-1.774801748088723485e-01,-7.988260312220036852e-01,-5.907587668261766733e-01,-1.020532748869013906e+00,-1.230074062715052818e+00,-8.854567409150472246e-01,-6.338624429347395894e-01,-1.321516942386357751e+00,-1.485719204807813165e+00,-1.447977016814208540e+00,-1.346115626379266184e+00,-1.373792632195318220e+00
-5.895476704096956899e-01,-5.088642893115836729e-01,-5.395178844534453955e-01,-4.218483349923828896e-01,-4.033277071225899180e-01,-8.748770994589908367e-01,-5.718358491662619558e-01,-3.471242101516849310e-01,-1.160836564119131609e+00,-1.033900135096075257e+00,-9.248683137188185022e-01,-5.980284543999362379e-01,-1.073121949402345177e+00,-1.240022931881124668e+00,-8.840897585848039864e-01,-6.045274944141448836e-01,-1.301615027671450209e+00,-1.434042042004892048e+00,-1.447305940682433789e+00,-1.398609496924821949e+00,-1.467888248805294671e+00
-9.628321407299646195e-02,-5.954790137106327208e-01,-4.670802131306093785e-01,-4.761427521139001140e-01,-5.406126066919834106e-01,-9.197647957814261144e-01,-5.566903336346060716e-01,-3.978614677571336578e-01,-1.276958958933021471e+00,-8.896967235725057321e-01,-7.596448497550639667e-01,-6.368183372815985344e-01,-1.034193631194214147e+00,-1.250481350031755312e+00,-8.294096248519774450e-01,-7.059861411065805337e-01,-1.281790244025725833e+00,-1.513490822551780912e+00,-1.498867930946212956e+00,-1.326554066617858574e+00,-1.493248735511335967e+00
-1.618208055107413224e-01,-6.376308720586498779e-01,-3.927141060210958545e-01,-4.435530205925748981e-01,-5.919660920511407021e-01,-1.077222150937883205e+00,-6.870125744161010850e-01,-3.299267473364416725e-01,-1.246530804348699784e+00,-8.491387539586835453e-01,-7.396100018291328348e-01,-6.768253144522606846e-01,-1.020325590796885562e+00,-1.218854746274644185e+00,-8.706232536481078865e-01,-6.501696730831815207e-01,-1.285389201423776218e+00,-1.492442166175651508e+00,-1.431719717650196566e+00,-1.336924918092549319e+00,-1.470190570733338475e+00
-1.773464549467585749e-01,-9.688538982904730812e-01,-4.207037077974523642e-01,-4.292091736935111368e-01,-5.049931723005689488e-01,-9.739888110512753272e-01,-7.074422476595633169e-01,-4.562693262281298234e-01,-1.218167927533519768e+00,-4.464202064779719259e-01,-5.971963807745921393e-01,-6.272987447767680580e-01,-1.088689133114027374e+00,-1.277791890295861377e+00,-7.962461092862609391e-01,-8.810462987429572568e-01,-1.295884901528045585e+00,-1.534190474713096997e+00,-1.473952812363806597e+00,-1.402117022914620703e+00,-1.473262093261522798e+00
-2.353553636613854305e-01,-6.268162102809357039e-01,-4.890021171368985065e-01,-6.634079647821959913e-01,-5.893574376215503507e-01,-1.031013575398433080e+00,-6.391476886716002115e-01,-4.774920365296714819e-01,-1.242538621270377952e+00,-2.231548922299177173e-01,-7.883569436553244936e-01,-6.187327439247874983e-01,-1.035660169718092494e+00,-1.282801323195708276e+00,-9.019766452482743668e-01,-9.369881126471224508e-01,-1.296655372177861754e+00,-1.500126305220573331e+00,-1.454530550881741213e+00,-1.361766903325632327e+00,-1.417372240965531827e+00
-2.015904856159817515e-01,-7.225228756563923938e-01,-5.017351255513781139e-01,-3.227783434970247778e-01,-6.323100074972464180e-01,-9.972915169298343097e-01,-6.258311948301380490e-01,-4.075291492286593487e-01,-1.016360274963312271e+00,-9.453663860512522277e-01,-7.771050781059894996e-01,-6.284236099988175228e-01,-9.960561186763633446e-01,-1.289377096121657518e+00,-1.003755823917086287e+00,-7.754519805943312916e-01,-1.266638645651506856e+00,-1.545213878072909885e+00,-1.515407952130382263e+00,-1.452946736943785178e+00,-1.525882845327872328e+00
-2.493107792598170946e-01,-8.198760287782175249e-01,-5.778159171034297215e-01,-1.043749084008180006e+00,-7.070893341763203610e-01,-8.725372784478044874e-01,-7.169383951256842469e-01,-2.734363655441441332e-01,-1.185218752596949976e+00,-4.553307267355254928e-01,-9.420470035724526348e-01,-6.499181563246336779e-01,-1.001144799808250552e+00,-1.208364780545046369e+00,-8.955461952524993441e-01,-8.494864666282841981e-01,-1.318424066197069866e+00,-1.496078318252955341e+00,-1.486992793275812019e+00,-1.405204419005218419e+00,-1.421165733452417479e+00
-1.867004106178254130e-01,-6.490839183319174754e-01,-7.066800939463618869e-01,-5.607400933897552786e-01,-6.229370404941448891e-01,-1.063919347716212771e+00,-5.452601540976471650e-01,-3.958609752458444597e-01,-1.217865338136747466e+00,-5.214143693984440997e-01,-9.575242254419693566e-01,-6.552919812488268159e-01,-1.003121456490934316e+00,-1.244121209112389215e+00,-8.864116799082162323e-01,-6.919893588237436832e-01,-1.399641291300557366e+00,-1.552484145316847419e+00,-1.428605170288146820e+00,-1.397105853701706701e+00,-1.466502732769540573e+00
-5.547599378486972599e-01,-7.055357462599971541e-01,-6.535064311701668238e-01,-8.436183281550786450e-01,-5.932041908286891374e-01,-1.091224996289087201e+00,-8.293125538870076419e-01,-2.827283711993201498e-01,-1.321893950401631823e+00,-8.424437878485637743e-01,-8.951076656723792047e-01,-6.853327497878635155e-01,-1.060918616644249690e+00,-1.262976482566958047e+00,-9.571624585773762517e-01,-7.359761359872357689e-01,-1.309997849350879928e+00,-1.461620227376605685e+00,-1.451209444761859535e+00,-1.422342509890192952e+00,-1.514338229547280923e+00
-5.892154316378102052e-01,-5.967711487433513540e-01,-7.252132539342583950e-01,-3.524468291356007699e-01,-5.944265443025521511e-01,-1.024626889878942348e+00,-7.511973520759228640e-01,-3.101570328150354272e-01,-1.282231768608894429e+00,-9.084275114908124671e-01,-1.071298875141488027e+00,-7.509297482207174523e-01,-1.007818425479733104e+00,-1.258999658137770261e+00,-9.499892156336252613e-01,-8.267329978736540630e-01,-1.281583450300519900e+00,-1.546353118446942343e+00,-1.489909248029844591e+00,-1.385386869606316740e+00,-1.447460085712594102e+00
-1.274530740057886191e-01,-7.998275908434311354e-01,-5.438238868236973111e-01,-4.181556033276074835e-01,-2.480194921888211890e-01,-1.047136447660200753e+00,-8.028140509962968796e-01,-5.599267960088455398e-01,-1.302110886265949619e+00,-3.706593690888382309e-01,-1.092359529951758779e+00,-5.944375371198619140e-01,-1.085387502195561460e+00,-1.276921871727380031e+00,-1.073617274020368439e+00,-1.107205627980764717e+00,-1.326008147753166222e+00,-1.532253903365549119e+00,-1.503641177106836757e+00,-1.377679696145613253e+00,-1.416406153056014583e+00
-6.609370054727012889e-01,-9.764203574827173826e-01,-2.211515064736915559e-01,-6.269402255509588517e-01,-1.042771245178707673e+00,-1.091017357580389868e+00,-8.388189797233517320e-01,-6.743893695411130595e-01,-1.310616227642893872e+00,-1.326092715402071409e+00,-9.577349067033413821e-01,-7.849053192972421655e-01,-1.076762623152580423e+00,-1.341260890756617918e+00,-1.161991914397127568e+00,-1.003476928664210233e+00,-1.310718679107403473e+00,-1.590733745261441845e+00,-1.509125555240572680e+00,-1.397985214602610382e+00,-1.474037611345590193e+00
-9.777073123999308057e-01,-9.016023365687357849e-01,-7.647633897278465209e-01,-5.919801906542417891e-01,-1.003077483386010993e+00,-1.306189113133858548e+00,-1.280531022604309177e+00,-7.641372708296314542e-01,-1.343241267564132535e+00,-1.069921510162913147e+00,-1.365772525368419865e+00,-6.736341174776715457e-01,-1.243335459040549651e+00,-1.291004930853147936e+00,-1.183266591491122677e+00,-1.324982338986605779e+00,-1.402726210168168564e+00,-1.611955749329998966e+00,-1.499789242067196104e+00,-1.387687944971761400e+00,-1.448446773279982613e+00
-1.128694506028821820e+00,-9.440331265733733490e-01,-1.001522891172535124e+00,-5.739210383284946149e-01,-1.071626403353642676e+00,-1.162823180012005020e+00,-1.102268595080833524e+00,-8.145415149345440753e-01,-1.369979216792280630e+00,-1.627012289964841374e+00,-1.375759786043533994e+00,-8.247808023766235452e-01,-1.209830364635194888e+00,-1.320246725887224359e+00,-1.325434420880107433e+00,-1.525226271908289188e+00,-1.222412624049487695e+00,-1.610111184724673405e+00,-1.608248163672740594e+00,-1.421034923413463602e+00,-1.375448433320011210e+00
-1.211674317710317750e+00,-1.003144568016155036e+00,-1.191158489402531995e+00,-1.338641980391163555e+00,-1.288229662841576140e+00,-1.306209782673979580e+00,-1.228100697187789025e+00,-6.925868667895249686e-01,-1.414362704846548802e+00,-1.507346426456286581e+00,-1.344938945722105927e+00,-1.212512254239203058e+00,-1.258664685151441365e+00,-1.389924448379416644e+00,-1.301931893846866917e+00,-1.599176053945199349e+00,-1.475021699460390634e+00,-1.548349525758617062e+00,-1.565876192680521362e+00,-1.492408172977286007e+00,-1.455650209323968491e+00