0.001330222435935747, -2.205372616984402
0.0014116980812845705, -2.205372616984402
0.001099785753297559, -2.1932409012131715
0.001223995130946804, -2.0597920277296358
0.0011671472347871772, -2.0112651646447137
0.00144566892819097, -2.0961871750433274
0.001000000000000001, -1.8778162911611784
0.0011671472347871772, -1.8414211438474868
0.001153352693643947, -1.7989601386481802
0.0010739425932720739, -1.7989601386481802
0.0014629596837589078, -1.8414211438474868
0.0014629596837589078, -1.8535528596187176
0.001534215629632105, -1.823223570190641
0.0015160826983319623, -1.8050259965337951
0.00144566892819097, -1.7443674176776427
0.001687308491955833, -1.7746967071057194
0.0017694917290668303, -1.720103986135182
0.001790655529692379, -1.7261698440207969
0.0018337455399911275, -1.7504332755632577
0.0019230612432148107, -1.7807625649913343
0.001992891472702538, -1.714038128249567
0.0022444956123445574, -1.5866551126516462
0.001992891472702538, -1.550259965337955
0.002217967864904077, -1.483535528596187
0.0014116980812845705, -1.5199306759098787
0.0014629596837589078, -1.501733102253033
0.0010363120154046632, -1.5805892547660312
0.0010240638188552963, -1.6230502599653378
0.0018337455399911275, -1.3682842287694972
0.0017279115778592578, -1.3258232235701903
0.0015711347166285344, -1.3197573656845751
0.0016673661524464114, -1.246967071057192
0.0015899260912093792, -1.1620450606585786
0.0021658492606284395, -1.2166377816291158
0.0023538175982074356, -1.1074523396880416
0.0026196568474398997, -1.265164644714038
0.0028470099470262623, -1.2530329289428075
0.0029856784209000703, -1.2045060658578852
0.0032836065912338467, -1.1984402079722702
0.0033228797870832895, -1.1984402079722702
0.0034435402490996985, -1.1923743500866548
0.003878289955024462, -1.246967071057192
0.004165060771760005, -1.246967071057192
0.0043679271584457615, -1.168110918544194
0.0043679271584457615, -1.174176776429809
0.003526404977874952, -1.3318890814558058
0.003131100979235921, -1.3743500866551126
0.0030213882814176156, -1.4168110918544192
0.0030213882814176156, -1.4896013864818025
0.0024392894590933066, -0.9982668977469669
0.0024979880787725614, -0.9861351819757362
0.0027147818672390665, -1.0225303292894279
0.0030213882814176156, -1.0225303292894279
0.0032836065912338467, -0.9740034662045058
0.003787156506866572, -0.9861351819757362
0.002950390616079909, -0.9497400346620448
0.0027147818672390665, -0.9072790294627382
0.002527864975508335, -0.737435008665511
0.002527864975508335, -0.6343154246100517
0.0028133610682225516, -0.5372616984402079
0.0028133610682225516, -0.7616984402079721
0.0030575252455807703, -0.7738301559792025
0.0032064472260178883, -0.7616984402079721
0.004019118479615056, -0.7435008665511262
0.004265288039692929, -0.7616984402079721
0.004473036166359721, -0.7495667244367417
0.004747008021349836, -0.71317157712305
0.004265288039692929, -0.8587521663778162
0.004526535396709687, -0.8344887348353549
0.004978219141098423, -0.8466204506065853
0.0051589883112377775, -0.9012131715771228
0.00503776055383396, -0.9133448873483532
0.005474974488173256, -0.9740034662045058
0.005673781846127935, -0.9922010398613517
0.00581031470469762, -0.9679376083188906
0.00623994444168982, -0.931542461005199
0.006781492740831101, -0.931542461005199
0.00639010133440175, -0.9497400346620448
0.006862601998338755, -0.8284228769497399
0.007458189102456853, -0.8041594454072787
0.007458189102456853, -0.8284228769497399
0.00772901098003615, -0.8466204506065853
0.007027742409702758, -0.7435008665511262
0.006543871575379774, -0.7010398613518196
0.006314576573566501, -0.7010398613518196
0.006944681353714954, -0.688908145580589
0.007370040586690031, -0.7010398613518196
0.008202410120281148, -0.7071057192374348
0.008704804787452367, -0.688908145580589
0.008500256162924155, -0.6221837088388211
0.008704804787452367, -0.5797227036395145
0.009237970947136256, -0.5372616984402079
0.010281303813237812, -0.4887348353552856
0.010528711245795823, -0.5372616984402079
0.011307231459122807, -0.5797227036395145
0.011579326628710033, -0.6161178509532059
0.010528711245795823, -0.6282495667244365
0.010039710049252908, -0.7010398613518196
0.009348460627363749, -0.8041594454072787
0.009020893792988914, -0.9072790294627382
0.009237970947136256, -0.9922010398613517
0.009921050475539577, -1.0164644714038125
0.0010119603840345215, -1.0771230502599651
0.001534215629632105, -0.7192374350086652
0.001748578063908149, -0.71317157712305
0.004265288039692929, -0.6039861351819753
0.0055404572856310105, -0.5069324090121314
0.005741642455935716, -0.5918544194107449
0.006166194388768641, -0.5675909878682841
0.0052206917926697835, -0.3795493934142111
0.004316302522665508, -0.2097053726169842
0.006944681353714954, 0.008665511265165016
0.01117359101948509, -0.30069324090121285
0.014005527920646604, -0.3310225303292892
0.015041132975243635, -0.27642980935875183
0.018853295012818606, -0.28249566724436703
0.022004571140838106, -0.27642980935875183
0.024489758895495747, -0.2521663778162908
0.016542023759627066, -0.08838821490467896
0.03457214564389307, -0.15511265164644683
0.03457214564389307, -0.26429809358752143
0.0354040834941066, -0.3188908145580587
0.04653868563494719, -0.3431542461005196
0.048805431671374515, -0.3795493934142111
0.05304112619677821, -0.3492201039861349
0.05764442546407492, -0.3552859618717502
0.05562458468800605, -0.2461005199306756
0.07225435483533006, -0.18544194107452305
0.08234981931268026, -0.2461005199306756
0.07399307054159358, -0.3795493934142111
0.07140037888367101, -0.446273830155979
0.06569857321636068, -0.5008665511265162
0.09842724253820417, -0.42201039861351797
0.09611436389601846, -0.6828422876949738
0.6517988610504475, -0.6707105719237432
0.5453319330253632, -1.222703639514731
0.039873877303434876, -1.2348353552859617
0.05118258343850868, -1.1317157712305024
0.04765858413583008, -1.0225303292894279
0.04997987673826899, -1.0225303292894279
0.05833387493007455, -0.9922010398613517
0.07577362638765366, -1.1013864818024262
0.06492208020479143, -0.7738301559792025
0.043334425812420536, -0.8162911611785091
0.03940260699185104, -0.7010398613518196
0.049389163377134726, -0.6585788561525128
0.05179474679231213, -0.5554592720970533
0.04997987673826899, -0.5251299826689773
0.048805431671374515, -0.5129982668977466
0.05118258343850868, -0.5190641247833621
0.04490798615007334, -0.5311958405545925
0.03582752992908636, -0.5069324090121314
0.0384767104025758, -0.43414211438474837
0.03668967711933254, -0.41594454072790277
0.03181132477647735, -0.40987868284228735
0.03257682673344546, -0.42807625649913317
0.029621066317478895, -0.41594454072790277
0.02791149716375388, -0.43414211438474837
0.028583154375482523, -0.5190641247833621
0.03219180043745089, -0.5433275563258229
0.03457214564389307, -0.5918544194107449
0.03712849974778234, -0.6161178509532059
0.03668967711933254, -0.6161178509532059
0.04181600248598793, -0.6039861351819753
0.04181600248598793, -0.640381282495667
0.03940260699185104, -0.6282495667244365
0.0349856417826914, -0.664644714038128
0.03712849974778234, -0.688908145580589
0.03625604094604651, -0.7192374350086652
0.029270974224687073, -0.737435008665511
0.026300595176836528, -0.664644714038128
0.02725562279404961, -0.7677642980935873
0.030696666933901724, -0.7798960138648179
0.02997534564614794, -0.8162911611785091
0.023352343202029294, -0.47053726169844
0.023076341297993613, -0.49480069324090103
0.02391428975868961, -0.5008665511265162
0.024489758895495747, -0.4826689774696704
0.020008052545562066, -0.4644714038128248
0.019537896151752717, -0.42807625649913317
0.016739872716500376, -0.42807625649913317
0.014863361464089234, -0.42807625649913317
0.01634651318431728, -0.4887348353552856
0.014863361464089234, -0.5190641247833621
0.018853295012818606, -0.5311958405545925
0.021744498587098312, -0.5615251299826687
0.02123353856149751, -0.5979202772963603
0.018410273525621614, -0.6161178509532059
0.014514096866251549, -0.640381282495667
0.015041132975243635, -0.640381282495667
0.016153313353183242, -0.7253032928942804
0.013355047557805786, -0.8162911611785091
0.012435532067981227, -0.7798960138648179
0.011857969447169601, -0.8648180242634311
0.013041225861034853, -0.9012131715771228
0.01714269798121094, -0.95580589254766
0.020247356537789852, -0.9012131715771228
0.024489758895495747, -0.8344887348353549
0.02391428975868961, -0.8284228769497399
0.023352343202029294, -0.7738301559792025
0.022267754262197455, -0.7556325823223566
0.022267754262197455, -0.7192374350086652
0.03143534596646045, -0.9012131715771228
0.033360749590839414, -1.004332755632582
0.030696666933901724, -1.07105719237435
0.025682574359706903, -1.0346620450606583
0.01734773123245403, -1.1074523396880416
0.01734773123245403, -1.0892547660311958
0.014514096866251549, -1.125649913344887
0.015587306827544261, -1.2045060658578852
0.020008052545562066, -1.2105719237435006
0.048805431671374515, -1.6776429809358753
0.052414231854918926, -1.5623916811091854
0.029270974224687073, -1.714038128249567
0.023076341297993613, -2.017331022530329
0.014514096866251549, -1.31369150779896
0.013041225861034853, -1.31369150779896
0.011442470289741127, -1.1559792027729632
0.009460271806598624, -1.222703639514731
0.009460271806598624, -1.289428076256499
0.008601922491024535, -1.2348353552859617
0.005741642455935716, -1.2287694974003465
0.00581031470469762, -1.2833622183708837
0.0056067232824940135, -1.4289428076256496
0.007111796907818497, -1.4714038128249567
0.008300514095328348, -1.598786828422877
0.009460271806598624, -1.5320623916811091
0.00463546112453819, -1.550259965337955
0.004067188680111495, -1.5927209705372616
0.004803784060300133, -1.653379549393414
0.0032064472260178883, -1.653379549393414
0.0028810612793427957, -1.6715771230502598
0.002271340641831995, -1.8838821490467934
0.002468464297795423, -1.91421143847487
0.002780109886323947, -1.8899480069324088
0.002780109886323947, -2.0476603119584054
0.002040848052099912, -2.0112651646447137
0.0043679271584457615, -1.9020797227036392
0.0056067232824940135, -1.9324090121317155
0.0028470099470262623, -2.2296360485268627
0.004580674498400185, -2.4419410745233967
0.0028810612793427957, -1.1377816291161178
