108642.56236170666, 0.009859444780812375
187931.68168032722, 0.015953972990061193
259417.93621188178, 0.02147668330663155
381944.2708400472, 0.031031536417971687
562341.325190349, 0.04358572378647122
776247.1166286927, 0.05867358475757141
1071519.305237607, 0.0789843382014109
1479108.3881682071, 0.1033580393294696
2041737.9446695317, 0.1333521432163324
2728977.7828080403, 0.17699085191830632
3531831.69791957, 0.2219787877873385
4570881.896148761, 0.27840185915529636
6309573.444801943, 0.3643136217029995
8709635.899560831, 0.4634294261981168
12022644.346174154, 0.6238525681114848
16595869.074375631, 0.7824248277607284
26915348.039269194, 1.0682884294032164
43651583.22401665, 1.4380927116226567
75509222.76654357, 1.8554216632086409
118576874.81671645, 2.137558616132874
192309172.89101616, 2.3602109432990654
322106879.1283441, 2.5333110915493737
474241985.26024675, 2.5333110915493737
676082975.3919847, 2.497704081975055
1028016298.1264746, 2.4279844536982256
1465547840.9559128, 2.3602109432990654
2376840286.624883, 2.230286500738602
3388441561.3920345, 2.137558616132874
5495408738.576271, 1.9915000785215187
9817479430.199863, 1.829342743352861
15922087270.511765, 1.7043444748293775
26668586645.214916, 1.565568704128462
46131757456.0381, 1.4380927116226567
93756200692.58832, 1.2841228008909573
147231250243.27283, 1.1963791961093269
190546071796.32523, 1.146637733743492
