-5.101395722596772236e-02,-1.006402170553240688e-01,-2.488800981832990367e-01,-1.503988445983678035e-01,-3.678722865627124805e-01,-3.792325632637887356e-01,-5.099170817445499715e-01,-3.612884682640820633e-01,-1.046859758512111549e+00,-9.502782476447756421e-01,-5.714839974235375042e-01,-7.305304946902997365e-01,-1.031832627931075219e+00,-9.779589795155460008e-01,-1.196671329432182906e+00,-1.235883102066201555e+00,-9.344393997911739635e-01,-1.255778346617232755e+00,-1.379162876610489752e+00,-1.310797141957949163e+00
-1.472089149667096808e-01,-1.949203620792824554e-01,-1.781470436959236847e-01,-2.219890516955676796e-01,-2.989284342847918219e-01,-3.399097666604838364e-01,-5.399312370802213934e-01,-3.255383077484668153e-01,-1.155049219752759093e+00,-8.860026330667898353e-01,-6.442770618927990967e-01,-7.783365154911753292e-01,-1.045392447251753953e+00,-1.372206739479159054e+00,-1.104398010358679016e+00,-1.230467918626481749e+00,-9.799136166256807723e-01,-1.395351215583102489e+00,-1.333481030459131578e+00,-1.245386409336113998e+00
-6.951848531674451048e-02,-1.582816515332275409e-01,-2.436157508404359073e-01,-1.183946285261788522e-01,-3.251593451855783190e-01,-4.085990750579363007e-01,-6.437146187459984459e-01,-2.933002776282916391e-01,-1.112911397217849485e+00,-8.949859966570407055e-01,-6.242704983540494634e-01,-7.511991499133700012e-01,-1.023214531395135518e+00,-1.237718355768836265e+00,-1.214779824792511231e+00,-1.226824057705665494e+00,-8.976015902353216003e-01,-1.403725680437630130e+00,-1.327952331743496472e+00,-1.361261329273444343e+00
-1.505237046354212516e-01,-1.203744355742648875e-01,-2.127631568127923423e-01,-2.007026949183437492e-01,-3.183896017632614206e-01,-3.601887561171385199e-01,-5.883176941233960733e-01,-3.233990596684145347e-01,-1.155400233673889776e+00,-1.177881341543053573e+00,-6.179250107141899262e-01,-7.547216577474894494e-01,-1.064725193647896750e+00,-1.174373416910296619e+00,-1.215542078871943543e+00,-1.241196285253375997e+00,-9.485858215348030864e-01,-1.405035140959793427e+00,-1.319677757313665989e+00,-1.345573396979857117e+00
-7.972623362765179911e-02,-1.501075009980276376e-01,-1.889516951723550497e-01,-1.668909637200638729e-01,-3.137798121261013984e-01,-4.773896323255268914e-01,-6.950268588622747767e-01,-2.503238297406041313e-01,-7.689667857072113311e-01,-9.930778218886409103e-01,-6.068679665448808436e-01,-7.948844620025123930e-01,-1.008981786914710632e+00,-8.442898341901828863e-01,-1.247144837706302356e+00,-1.249242895210574078e+00,-9.711193167240153024e-01,-1.398695482131953494e+00,-1.314366077252919762e+00,-1.359999352317948773e+00
-5.878427110690188223e-02,-2.153851954277327951e-01,-1.814911053023174070e-01,-1.866114560617169182e-01,-2.452874961689477940e-01,-4.263586787423345181e-01,-6.350075337472361747e-01,-3.900535935372559937e-01,-2.715099329536920236e-01,-1.041443230299463840e+00,-6.658449958895371612e-01,-7.752712576869380534e-01,-1.025395180859611122e+00,-1.135837400677095044e+00,-1.187660097255384350e+00,-1.220097628982412141e+00,-1.004463912086533961e+00,-1.421382290879529497e+00,-1.318332630496469760e+00,-1.413177611931458078e+00
-7.582350115366148779e-02,-9.329349444229635691e-02,-2.617252545390258422e-01,-1.053104430102610733e-01,-2.255408999510371548e-01,-4.500943380164029728e-01,-7.362954228984702754e-01,-3.369310130798607861e-01,-1.302610271228712868e+00,-1.093118165658931717e+00,-7.005162136283983321e-01,-6.417580766102125578e-01,-1.078461555619014467e+00,-1.310010234719473754e+00,-1.168315514317819215e+00,-1.196876872517012247e+00,-8.970149056913119257e-01,-1.410617141712050993e+00,-1.339953492323538109e+00,-1.424419079692258450e+00
-4.807700003451408077e-02,-1.189032251050981398e-01,-2.440301370919113200e-01,-3.604570693081444732e-01,-2.821183184820758583e-01,-4.435948777764043838e-01,-7.942901732436040696e-01,-3.194394308683407568e-01,-1.595389565002027984e-02,-1.069118134852776292e+00,-6.293651137734190826e-01,-7.133447758124558113e-01,-1.021609210568455328e+00,-1.077586150674888943e+00,-1.283347275086781814e+00,-1.241224060287374975e+00,-8.989054732456287500e-01,-1.437355674602212252e+00,-1.358903358078894508e+00,-1.432935230841146046e+00
5.573219212491481792e-03,-6.242559847914906646e-02,-3.061632863878189226e-01,-1.876763454919586072e-01,-1.722564169812375867e-01,-5.405059929839324262e-01,-8.100020197533950306e-01,-3.494496028618970240e-01,-9.020886826420602966e-02,-1.104736197266084075e+00,-6.133257275549769405e-01,-6.204233421458650310e-01,-1.031707941947566098e+00,-1.238608021885238664e+00,-1.093200251562771230e+00,-1.256935134209571148e+00,-9.366365427188523274e-01,-1.428701967107006476e+00,-1.411646609608447456e+00,-1.353875683213496606e+00
-2.140659498797291005e-01,-1.118191794855837445e-01,-3.991876993015178732e-01,-2.721173956583808340e-01,-3.437703619238842156e-01,-5.354165221128713847e-01,-7.860416890012785762e-01,-3.523754312557812463e-01,-1.295680037619679315e+00,-1.160293601789831097e+00,-6.401149230477068963e-01,-7.060740336164821329e-01,-1.097386104651166150e+00,-1.022368144743406981e+00,-1.265604831379129491e+00,-1.273904320781237942e+00,-9.524938792990608194e-01,-1.403060355537714576e+00,-1.378367945347719781e+00,-1.241980009540707197e+00
-8.112733997065245395e-02,-6.123547182688793972e-02,-2.505172674394546273e-01,-2.613495292750779853e-01,-2.234042367504111559e-01,-5.057241437803200457e-01,-6.158850130931381450e-01,-3.822770213400029093e-01,-1.320103603502765122e+00,-1.193914231339504806e+00,-6.894980006110102977e-01,-7.996457193534060037e-01,-9.999104441742745486e-01,-1.252944118894999681e+00,-1.306652081659786635e+00,-1.216760614056257683e+00,-9.672976029692583744e-01,-1.432646467486385022e+00,-1.368343821318455555e+00,-1.318893620495854346e+00
-7.800900573082054923e-02,-1.032708045638030675e-01,-3.219466308965157619e-01,-3.800620971839674955e-01,-2.909343773782388509e-01,-4.427920700701146739e-01,-7.976880971177457980e-01,-3.615454334810090375e-01,-1.327128939117707906e+00,-1.231153416565080150e+00,-6.205008190411221980e-01,-7.032784407291707840e-01,-1.058280636960917898e+00,-9.895979257067873958e-01,-1.160548590440350081e+00,-1.231204622121487402e+00,-8.804727635629688853e-01,-1.414410470225665684e+00,-1.353515390323616785e+00,-1.403434522674247065e+00
-2.007237382046476726e-01,-1.600995272761831234e-01,-3.328800144853766296e-01,-2.899722801651529180e-01,-2.612950996672104842e-01,-4.973522530518382223e-01,-7.631041153661247689e-01,-3.764913983822738008e-01,-1.334054151597153570e+00,-1.236748808586942916e+00,-6.123348159480321851e-01,-7.687324098380671211e-01,-1.059236857136240495e+00,-1.038049216783999862e+00,-1.127808646996115050e+00,-1.246933603276980662e+00,-9.562457578573275718e-01,-1.426363360559952387e+00,-1.389998124121039957e+00,-1.325683471389561108e+00
-6.109218584837026317e-02,-2.053812774946199293e-01,-3.493927397590499973e-01,-2.907598159148021555e-01,-3.466312940506198204e-01,-4.416002806929948954e-01,-7.599881813836242284e-01,-4.056300982274589351e-01,-1.297592491016142047e+00,-1.304366610574365426e+00,-6.315255999065845227e-01,-6.543960634458420023e-01,-1.071743511846567021e+00,-1.228194853288598676e+00,-1.187934034746824796e+00,-1.258966939979491828e+00,-9.030916971792116721e-01,-1.426352056316820605e+00,-1.404091290418107096e+00,-1.360358406780491247e+00
-1.046342856634003143e-01,-2.691464399776147820e-01,-3.192747935168185891e-01,-2.792294354950872748e-01,-3.169379052349000636e-01,-5.328419661934339358e-01,-8.694911242921451455e-01,-4.286883273078998524e-01,-1.242002338023501240e+00,-1.327602563618043074e+00,-5.542824725119189777e-01,-6.274970730704722000e-01,-1.050805568936479473e+00,-1.497043178204533698e+00,-1.219903941125829450e+00,-1.219850508380846632e+00,-9.049585918940856732e-01,-1.442072309790153328e+00,-1.330089354957597836e+00,-1.362880140098773563e+00
-1.461077477924065393e-01,-2.455628171025338313e-01,-4.200149161587954927e-01,-3.030535036774102409e-01,-3.874131936681065591e-01,-5.997791665663666505e-01,-8.762794794143742294e-01,-3.640946030586887927e-01,-1.142856740336192223e+00,-1.273770896385770124e+00,-6.918497919456068068e-01,-6.349018282463002594e-01,-1.083306506707823580e+00,-1.204147784656879994e+00,-1.103851536414174328e+00,-1.243574182613132795e+00,-9.487757293494345490e-01,-1.452789973877304242e+00,-1.362583468909947193e+00,-1.351136482959125251e+00
-4.010793470144520534e-02,-3.206983769901955994e-01,-3.561397587753178939e-01,-3.826064000395102971e-01,-3.720329882955812906e-01,-5.969318271630376094e-01,-8.986991001911723842e-01,-4.014340775761163216e-01,-1.159662207423078462e+00,-1.296924295180132081e+00,-7.005355419945130668e-01,-6.744283708742087047e-01,-1.029165603458316314e+00,-1.162473438777894774e+00,-1.119264932124043765e+00,-1.297323784910583866e+00,-9.405594140016593219e-01,-1.432718337559307553e+00,-1.398485038544494463e+00,-1.209298620665983481e+00
-1.225914799417366641e-01,-2.393735535359433064e-01,-4.148754397643091840e-01,-2.646688960242508659e-01,-3.025726043438773938e-01,-5.923180853914313815e-01,-8.635250903834821301e-01,-3.981856759309289617e-01,-1.275662643129659601e+00,-1.244309678239492234e+00,-6.836495116078672440e-01,-6.700575016727806643e-01,-1.094323066005339573e+00,-1.294945988597523856e+00,-1.172001780541317206e+00,-1.265941807912497996e+00,-9.280091427305406926e-01,-1.484721995989102705e+00,-1.392760607385196137e+00,-1.349484992957355356e+00
-1.464599501472187426e-01,-2.610807401694829055e-01,-4.056300781817587242e-01,-3.453145474634495837e-01,-3.563746239905754010e-01,-6.652723171767791488e-01,-8.046283665399582841e-01,-4.350928660954275773e-01,-1.249105533311825722e+00,-1.264194606848806135e+00,-7.190243668676529198e-01,-7.083311760012211966e-01,-1.062970158981663582e+00,-1.187069220998705044e+00,-1.179730145455085033e+00,-1.246509343393197744e+00,-9.477239871735364529e-01,-1.413699986108798878e+00,-1.344745686790385086e+00,-1.343703252102540491e+00
-1.003842071552317611e-01,-3.255055170549023824e-01,-4.112043975088513492e-01,-3.710461868686091291e-01,-3.901148530329463515e-01,-6.452492521913755219e-01,-1.011941128470832840e+00,-4.121986599920232086e-01,-1.219819089480762342e+00,-1.229925143648066266e+00,-7.597086619497260829e-01,-6.381313951064309098e-01,-1.046518053590599351e+00,-1.341419090985665363e+00,-1.200697059687167112e+00,-1.235988923524477423e+00,-9.549545160154010448e-01,-1.4445478361152577,-1.443902966083346673e+00,-1.402336264833837332e+00
-1.769484366914523543e-01,-3.172237346226397525e-01,-4.192561755294407222e-01,-3.643841863056038188e-01,-3.001789160774589460e-01,-7.027709793111465153e-01,-9.449860475990526920e-01,-4.426248634432407569e-01,-1.252917576826122481e+00,-1.167258396570615364e+00,-8.143098028551530865e-01,-6.281017677829459078e-01,-1.014067883766153422e+00,-1.184775954488394012e+00,-1.194731407621274499e+00,-1.267928889451789276e+00,-9.795622553551622813e-01,-1.475395686121716565e+00,-1.401855073090658488e+00,-1.378321958031260230e+00
-5.867728741010883042e-02,-2.625917982899091396e-01,-5.068030796679969807e-01,-4.342683668970710453e-01,-4.385091545415529257e-01,-4.703553998479131915e-01,-9.548970004159595959e-01,-4.587154138201834930e-01,-1.311232856359610288e+00,-1.192066800797225268e+00,-7.911092273853375101e-01,-6.170986655482170180e-01,-1.015858055065425480e+00,-9.938358755748710749e-01,-1.207823979520585622e+00,-1.298117537623227014e+00,-9.516931247691406970e-01,-1.468371722679986169e+00,-1.386092242588989221e+00,-1.418518719388279559e+00
-1.568020125338464299e-01,-3.053321437628797042e-01,-4.718156408507988564e-01,-3.194167963454980774e-01,-3.849907788453199586e-01,-6.958516372555446639e-01,-1.092217577309608778e+00,-4.251825442567174207e-01,-1.199577111007702701e+00,-7.614749815501412611e-01,-8.113939652700533633e-01,-7.058690698603262703e-01,-1.084543318558333524e+00,-1.276083118904956626e+00,-1.225686842094827256e+00,-1.283502202818127103e+00,-9.982925727063255428e-01,-1.490833992010089926e+00,-1.349904349012468918e+00,-1.390978894762947782e+00
-8.227245230244401020e-02,-4.148539339974876006e-01,-5.204965172660419581e-01,-3.990302982484461580e-01,-4.600179134640701162e-01,-6.236791447642234809e-01,-1.057281292627226588e+00,-4.387436447441298570e-01,-1.202512776402675954e+00,-1.161176908990192436e+00,-7.785516909878272829e-01,-6.728958818340771142e-01,-1.113902130333144003e+00,-1.306185989784453882e+00,-1.278536025538695275e+00,-1.284737296004416107e+00,-8.748852705605476565e-01,-1.470541856394322444e+00,-1.451644493478753573e+00,-1.464435914778135839e+00
-1.244822985816127631e-01,-4.281904706360224466e-01,-5.927642179021033186e-01,-4.636614559000491465e-01,-3.584623907623685768e-01,-6.393686696634515165e-01,-7.855378665444880948e-01,-4.358863859744010472e-01,-1.279650248725459072e+00,-3.407315473331979372e-01,-8.745481097376898161e-01,-7.170798477604409804e-01,-1.000855165611309383e+00,-1.006544639259261853e+00,-1.180060958989874287e+00,-1.296998828727123465e+00,-9.791614373218321399e-01,-1.504483865945039023e+00,-1.401146205137398848e+00,-1.409140595671459995e+00
-7.972707655864225140e-02,-4.844944649228815070e-01,-5.998918050521682144e-01,-4.906476433119573710e-01,-4.465474365118372591e-01,-7.777809326381971422e-01,-1.157941197001714606e+00,-4.496886398064968149e-01,-1.274847069963561230e+00,-1.191383411429889128e+00,-8.801721951019589874e-01,-7.093773490117009084e-01,-1.086117146967409575e+00,-1.286584034329179893e+00,-1.211549716363385265e+00,-1.291117723336148826e+00,-9.710321952477496410e-01,-1.446999989249060592e+00,-1.313883174938665688e+00,-1.523355466238058620e+00
-6.921811389189644337e-02,-5.242527162382575323e-01,-6.232170006989975475e-01,-4.540254057236936536e-01,-3.549999977675065699e-01,-8.128844148941283265e-01,-1.126347030924836679e+00,-5.590780735572242754e-01,-1.300500953535169035e+00,-8.837748220794948706e-01,-1.054542108277937373e+00,-7.813627565821327225e-01,-1.088664410036154218e+00,-1.377601236059887491e+00,-1.302022997275115612e+00,-1.292113509478016731e+00,-9.287796047389482723e-01,-1.493838709790498154e+00,-1.338432477212238902e+00,-1.275513567604792176e+00
-2.569500950891983049e-01,-7.280890603143900242e-01,-4.661897254250489953e-01,-6.250135647148751250e-01,-5.080552209350954751e-01,-5.699219729140274637e-01,-2.074001186838945465e-01,-4.959558596666145402e-01,-1.327344818699907947e+00,-9.802253229417313696e-01,-7.659581778199601176e-01,-8.166825167234372795e-01,-1.094660292473617957e+00,-1.391348358767537263e+00,-1.259807275333611809e+00,-1.269250582367187574e+00,-1.071752434705363521e+00,-1.535687667721855831e+00,-1.430233917336299676e+00,-1.430481846031450344e+00
-2.137697263618893728e-01,-6.707613336228663847e-01,-5.211361223920427665e-01,-6.125958736735428456e-01,-4.641302473908798798e-01,-6.614121288400194310e-01,-1.103625826866401205e+00,-5.766537242994851375e-01,-1.263066751174934277e+00,-4.671582693431119981e-01,-6.599757191175447124e-01,-6.903021504610630243e-01,-1.052395218362015994e+00,-1.272494259016624163e+00,-1.315296122839349158e+00,-1.330814371659659878e+00,-9.325940817961397844e-01,-1.488996336447652613e+00,-1.393790377186142626e+00,-1.417129293321920835e+00
-2.083901838297020082e-01,-6.383177212875318363e-01,-6.533836548552469647e-01,-6.883623734777012393e-01,-3.920399019859663325e-01,-6.051344566721378326e-01,-1.132863990030002155e+00,-4.040082477465576360e-01,-1.297028171667545804e+00,-4.897446916202221612e-01,-6.539920950283147905e-01,-9.637659224981138806e-01,-1.148753479370026698e+00,-1.192312986743787162e+00,-1.310798808562230411e+00,-1.329361758267686433e+00,-1.003425082283969871e+00,-1.488593667703947965e+00,-1.388076059079986324e+00,-1.477061466292298730e+00
-2.186938333123187861e-01,-7.053082523371689838e-01,-7.855955127990508213e-01,-1.861578697003002936e-01,-4.750882556552358804e-01,-9.444042785628077308e-01,-1.079653111725050296e+00,-6.299649755394683970e-01,-1.169178333342626885e+00,-1.011286285157616982e+00,-1.088126560120722619e+00,-9.483222980252694612e-01,-1.023633375401322043e+00,-1.102903940785342041e+00,-1.240516863267656644e+00,-1.260567864827840889e+00,-9.933512098759056386e-01,-1.477399213229306563e+00,-1.463160390263442023e+00,-1.481527548270132222e+00
-3.249364697568059568e-01,-1.081272570538549749e+00,-9.505034183207428100e-01,-6.237765358123880111e-01,-5.867944285115815894e-01,-8.805981335563923817e-01,-1.134602360864070070e+00,-5.218967440373466493e-01,-1.163049717372541147e+00,-6.599003052462930619e-01,-1.004522955016186048e+00,-9.288213326957057703e-01,-1.111185475338972939e+00,-1.178649720726561823e+00,-1.292937658204256879e+00,-1.279711524791687705e+00,-9.356233068996272495e-01,-1.521490765921837074e+00,-1.476257797667588578e+00,-1.312148048245621590e+00
-1.834881840913220874e-01,-1.206563895319329838e+00,-9.816657249380177364e-01,-7.687104650609715151e-01,-5.899268837491475903e-01,-8.647851421561891794e-01,-1.141976589555405486e+00,-5.851704377740012397e-01,-9.985150004118316103e-01,-5.778933831552071076e-01,-9.118183772725865222e-01,-1.013132480100021882e+00,-1.101552945907359415e+00,-1.083118919929001667e+00,-1.399243250479129008e+00,-1.354610285092998412e+00,-1.008068051468494764e+00,-1.501706106098266158e+00,-1.436534839958201859e+00,-1.088533827591250391e+00
-4.876751133058700449e-01,-4.636594044547298621e-01,-1.054841358218918668e+00,-6.871451145084827017e-01,-4.760996082958983688e-01,-9.045605353142993632e-01,-1.143579777247388130e+00,-7.505102184124894382e-01,-9.810324741460340059e-01,-7.659790617462992612e-01,-1.084752466887832778e+00,-9.446303189556148894e-01,-1.103752966759944387e+00,-1.236489506850080078e+00,-1.288510090979949396e+00,-1.351639591880734903e+00,-1.268952109559898123e+00,-1.552340231728080333e+00,-1.412705413158110046e+00,-1.415844900551674668e+00
-1.504718082462838113e-01,-7.961038988538393646e-01,-1.429962312364286392e+00,-1.198157004493150657e+00,-7.279889380941592103e-01,-8.357783847413048361e-01,-1.131662101452032720e+00,-8.386345478793915120e-01,-1.275141301681881334e+00,-3.108993373472234145e-01,-1.088838287775076852e+00,-9.544837219553023999e-01,-1.092929323769646466e+00,-1.215774539437511903e+00,-1.268020820650026748e+00,-1.303996282884651636e+00,-1.272971091461149840e+00,-1.562879466353946922e+00,-1.498466467679351988e+00,-1.246840148442454721e+00
-2.083901838297020082e-01,-6.383177212875318363e-01,-6.533836548552469647e-01,-6.883623734777012393e-01,-3.920399019859663325e-01,-6.051344566721378326e-01,-1.132863990030002155e+00,-4.040082477465576360e-01,-1.297028171667545804e+00,-4.897446916202221612e-01,-6.539920950283147905e-01,-9.637659224981138806e-01,-1.148753479370026698e+00,-1.192312986743787162e+00,-1.310798808562230411e+00,-1.329361758267686433e+00,-1.003425082283969871e+00,-1.488593667703947965e+00,-1.388076059079986324e+00,-1.477061466292298730e+00
-2.186938333123187861e-01,-7.053082523371689838e-01,-7.855955127990508213e-01,-1.861578697003002936e-01,-4.750882556552358804e-01,-9.444042785628077308e-01,-1.079653111725050296e+00,-6.299649755394683970e-01,-1.169178333342626885e+00,-1.011286285157616982e+00,-1.088126560120722619e+00,-9.483222980252694612e-01,-1.023633375401322043e+00,-1.102903940785342041e+00,-1.240516863267656644e+00,-1.260567864827840889e+00,-9.933512098759056386e-01,-1.477399213229306563e+00,-1.463160390263442023e+00,-1.481527548270132222e+00
-3.249364697568059568e-01,-1.081272570538549749e+00,-9.505034183207428100e-01,-6.237765358123880111e-01,-5.867944285115815894e-01,-8.805981335563923817e-01,-1.134602360864070070e+00,-5.218967440373466493e-01,-1.163049717372541147e+00,-6.599003052462930619e-01,-1.004522955016186048e+00,-9.288213326957057703e-01,-1.111185475338972939e+00,-1.178649720726561823e+00,-1.292937658204256879e+00,-1.279711524791687705e+00,-9.356233068996272495e-01,-1.521490765921837074e+00,-1.476257797667588578e+00,-1.312148048245621590e+00
-1.834881840913220874e-01,-1.206563895319329838e+00,-9.816657249380177364e-01,-7.687104650609715151e-01,-5.899268837491475903e-01,-8.647851421561891794e-01,-1.141976589555405486e+00,-5.851704377740012397e-01,-9.985150004118316103e-01,-5.778933831552071076e-01,-9.118183772725865222e-01,-1.013132480100021882e+00,-1.101552945907359415e+00,-1.083118919929001667e+00,-1.399243250479129008e+00,-1.354610285092998412e+00,-1.008068051468494764e+00,-1.501706106098266158e+00,-1.436534839958201859e+00,-1.088533827591250391e+00
-4.876751133058700449e-01,-4.636594044547298621e-01,-1.054841358218918668e+00,-6.871451145084827017e-01,-4.760996082958983688e-01,-9.045605353142993632e-01,-1.143579777247388130e+00,-7.505102184124894382e-01,-9.810324741460340059e-01,-7.659790617462992612e-01,-1.084752466887832778e+00,-9.446303189556148894e-01,-1.103752966759944387e+00,-1.236489506850080078e+00,-1.288510090979949396e+00,-1.351639591880734903e+00,-1.268952109559898123e+00,-1.552340231728080333e+00,-1.412705413158110046e+00,-1.415844900551674668e+00