1.062172458915094410e-02
4.620954605871098117e-03
1.692130628790817831e-03
3.808710537114614811e-03
1.427865802754376377e-03
6.779139578389302813e-04
2.101745667219740744e-03
2.392810282354346490e-03
8.786290279557827827e-05
1.636226857148647589e-04
4.795133586139042393e-04
4.075740189212052715e-04
1.865685830975249287e-04
1.070538346561650412e-05
2.209674621610349470e-04
5.054359059187352524e-03
1.392546298634838984e-05
1.574629173187102812e-04
2.212330942033821971e-05
3.540534363661210324e-05
6.194342716905322196e-05
