4.600485643335233021e+00
3.367711262401297923e+00
9.853224304666308164e-01
1.942710105386790120e+00
5.614643383115999198e-01
4.164931290081532733e-01
6.518423019707560995e-01
8.630996982628342806e-01
2.581709756500413788e-01
3.106647827262790651e-01
3.748671386220778778e-01
3.847798207708877927e-01
2.891487160994917760e-01
3.203480289393603186e-01
4.710777189747374361e-01
7.506063094940864655e-01
3.053389394957706782e-01
2.550020061954123562e-01
2.712365988100499115e-01
2.970608848331832696e-01
2.868252132094619711e-01
