1.166884440336986542e+09
2.424405905527252257e+08
6.184106709312072396e+07
6.466736207234247029e+07
1.344114854751665331e+07
1.087140369591534324e+07
1.123991590058930963e+07
1.829486524103167281e+07
2.074836482459078310e+06
2.611493217178417370e+06
2.948746626032785978e+06
1.009493304365308955e+06
3.193078881850697799e+05
1.132345530069394772e+04
2.344810843785034085e+05
4.501476381269023754e+06
8.765013034301013249e+03
7.820271051026327768e+04
9.522111086508086373e+03
1.273456770560707992e+04
8.760822652478545933e+03
