7.348513557548185730e+10
3.403793755939336777e+10
2.305444124390708923e+10
1.571727515842663383e+10
9.275422110222749710e+09
8.187888572661396027e+09
7.766430137767146111e+09
7.253828142507533073e+09
6.701275460776945114e+09
5.635372072178404808e+09
5.562316180042912483e+09
3.609222611462702751e+09
3.050148445304591179e+09
1.926903039362462759e+09
1.736544246702204704e+09
9.949913138112897873e+08
1.124917878895839691e+09
9.004033265729974508e+08
7.905809472244269848e+08
6.636254816641832590e+08
2.613059711677138209e+08
