-2.232383323518100227e+01,7.325552409049558733e+00,-9.830067248921185552e+00
-1.436375366224354138e+03,1.425204739488553059e+03,2.110826484619369410e+02
-2.634154524198685067e+03,3.887979771871980006e+02,-2.012017162033178863e+02
-1.319578552949857112e+03,1.204703247787773989e+03,2.554069922232030478e+02
-1.421185886874640119e+03,6.423749939424560296e+01,-9.473230291980928541e+01
-2.585881899619641445e+03,5.828880554599489869e+02,-5.589408365830666270e+01
-1.218358221514417664e+03,1.061895208261270909e+03,1.380334117980594613e+02
-7.653823524009162611e+02,5.681610411423590676e+02,1.793213077684200130e+02
-2.076186843072900956e+03,5.652391215561625586e+02,-1.456400294103227466e+01
2.122926168629772690e+02,4.381355591057603078e+02,-1.900378198555750373e+02
1.633032929125611190e+02,5.480559144665002123e+02,-1.594861828224775877e+02
-3.139105035761495401e+03,1.278619020146574456e+02,-1.210709851772890744e+02
-3.293184395007742296e+03,-9.183636370246028946e+01,1.383340527648613545e+02
-8.920473889931532767e+02,1.444068603798240474e+03,2.925660505945963337e+02
-1.007576461319061195e+03,1.113741131575085888e+02,-5.005540473694545511e+01
-7.383329366173968858e-04,-2.284980212581135678e-03,-6.692031341854857984e-04
-7.528871130807008285e+02,5.947822532932765398e+02,1.534090342642093390e+02
-6.770342700772401940e+02,3.603557656913913547e+02,-7.078297192515846881e+00
1.384404575421974641e+02,3.606595266515201388e+02,-1.906978479600363983e+02
-1.307719158989687912e+03,1.158258399789959412e+03,2.634810267354245070e+02
-1.410293941973945039e+03,1.414640882315426097e+03,1.078824137028080088e+02
