-4.253416843926519419e+01,4.910145952483034307e+03,-3.440299031242538490e+02
1.275046676973177227e+03,3.415035700801692201e+03,-1.202674318018382991e+02
1.223591516254535208e+02,2.274500956272032909e+03,3.559717034748734932e+01
1.106168506900036846e+03,3.540528266051317132e+03,-2.318508647520064585e+02
5.227580568031129360e+02,4.089717995785073981e+03,-3.340155857666724160e+02
-8.755028464260475118e+01,3.507438620652072132e+03,-1.906366227391904999e+02
3.398182233584694245e+02,2.302067454518822615e+03,-4.965504859602231136e+01
9.447786956863909609e+02,3.632896226736174867e+03,-1.580462391688492971e+02
3.708684517808430883e+02,2.819148637832087843e+03,-1.136961874399246852e+02
3.368992832608907975e+02,5.120454669485644445e+03,-5.474649842412379286e+01
4.513237247727150816e+02,5.060134280467437748e+03,-5.194722655420599011e+01
-1.367488588092145392e+02,1.774741558039192569e+03,-9.059610650941077381e+01
-2.922357125251254502e+02,1.622176942654343748e+03,-3.930447749103721549e+02
1.745065996934774148e+03,2.832296734322891552e+03,-2.612932711208826930e+01
-1.229888197744640138e+03,2.425145548805825001e+03,-4.882795136781276142e+02
1.362330019408458384e+03,3.941977895204046945e+03,-2.082836803494007825e+02
-5.955098789854128327e+00,3.903502021271203375e+03,-2.346054850374979139e+02
-1.944639582912821822e+02,5.676535967557357253e+03,-2.458443077002585255e+02
-6.000235888112857765e+02,5.971488253293102389e+03,-3.127478246065970779e+02
