7.805388714791864157e+08
1.572877643394316137e+08
3.901112615847346932e+07
5.986255151062929630e+07
1.324405803729889728e+07
5.550683948637036607e+06
1.632306089181691222e+07
1.735703456582335383e+07
5.887935144166387618e+05
9.220747134523732821e+05
2.667204913164839149e+06
1.471025364935141522e+06
5.690618736775961006e+05
2.062823593743709716e+04
3.837197751241323422e+05
5029043.360774819
1.566500228524555678e+04
1.417801345656555786e+05
1.749026691727007710e+04
2.349588822433263340e+04
1.618618739386600282e+04
